133.531 131.967 151.378 132.091 142.465 150.507 135.382 158.142 128.461 139.568 124.253 167.420 138.521 150.954 153.942 151.030 148.563 160.017 138.521 170.770 137.843 146.784 137.496 141.884 141.355 128.249 156.266 150.834 139.584 141.044
133.571 131.790 143.417 134.844 149.059 166.385 140.614 153.891 145.065 131.893 140.065 144.046 142.063 136.001 137.851 135.722 149.090 152.963 163.785 133.193 146.807 151.983 135.544 132.797 142.208 159.791 119.402 145.370 148.781 160.893
150.894 157.007 146.017 129.404 133.088 148.904 140.997 135.087 146.006 152.673 135.472 145.185 140.454 140.387 130.008 143.642 148.741 148.887 134.707 148.300 126.958 148.679 128.494 143.660 147.470 148.918 135.115 149.535 154.006 152.261
133.470 158.358 150.312 137.259 141.401 150.228 142.632 156.392 147.327 163.094 162.246 153.183 141.591 134.347 149.760 135.194 131.427 150.378 147.835 139.485 138.026 154.338 141.090 144.009 139.854 140.265 143.793 153.326 138.802 132.055
138.976 139.996 149.052 135.464 163.253 149.484 149.627 154.030 135.065 150.556 177.380 145.330 142.431 162.321 158.872 131.641 155.732 147.590 141.453 156.207 141.238 150.736 172.560 162.890 125.156 132.602 162.417 160.104 147.415 146.250
135.220 143.429 154.264 142.374 160.565 132.992 147.420 133.268 141.306 156.750 123.091 109.941 176.130 134.542 130.299 157.390 138.819 134.068 143.337 154.119 149.711 156.077 153.268 165.714 148.585 138.000 141.106 139.204 145.914 123.273
129.685 139.476 138.183 162.646 135.379 140.219 154.121 148.901 122.818 134.604 122.861 139.401 130.978 147.293 167.746 164.382 141.949 160.203 166.498 158.000 140.313 149.195 146.186 140.769 135.350 156.671 143.794 161.463 150.728 141.067
151.408 141.774 166.859 150.238 145.520 158.644 148.451 142.111 144.114 155.652 172.992 121.573 144.141 130.683 153.446 128.759 134.649 129.890 147.580 140.131 133.331 156.178 143.707 147.617 147.926 164.034 151.531 150.788 138.199 127.636
153.738 140.318 126.191 171.657 143.676 154.307 162.990 141.881 122.782 135.498 148.789 166.184 152.632 131.871 151.625 131.110 138.197 147.069 138.703 141.143 132.148 179.542 143.206 133.273 132.335 126.403 143.276 140.690 145.312 159.715
132.107 146.090 128.113 162.664 134.580 150.510 152.859 147.041 142.515 148.385 132.414 145.745 146.849 130.568 170.292 152.491 134.057 133.833 134.758 149.034 156.592 168.539 128.387 141.729 152.972 156.721 128.120 158.494 138.721 129.601
150.677 130.901 144.557 138.069 148.562 144.716 152.170 152.962 148.770 158.633 149.753 136.938 142.227 142.733 146.902 139.121 135.654 136.987 140.665 139.528 144.809 151.670 121.728 137.261 122.055 152.941 133.873 137.683 146.821 153.272
