156.634 159.685 142.503 140.179 152.562 128.458 158.675 145.041 142.910 132.775 160.020 140.409 137.791 136.196 151.095 144.765 144.809 166.965 144.185 146.241 153.345 160.266 143.536 138.372 146.216 161.502 136.428 118.478 128.255 145.595
119.470 134.044 133.611 139.178 145.543 163.629 139.946 169.918 143.888 146.681 153.012 154.242 139.564 154.444 129.175 152.487 147.691 151.793 148.748 138.178 137.693 140.685 156.141 131.627 144.567 142.656 139.364 155.735 156.383 146.215
145.096 135.410 144.933 120.885 157.867 158.779 143.721 161.075 157.401 149.980 145.530 143.680 148.099 139.925 134.514 137.356 148.213 142.698 142.781 155.752 140.924 146.657 145.884 144.776 148.834 128.977 156.864 134.345 138.889 139.405
154.051 140.783 134.806 161.000 138.983 133.790 148.414 144.105 130.771 155.008 145.946 156.723 163.365 152.872 140.397 151.602 127.902 141.119 142.591 156.863 153.860 125.709 137.300 145.943 148.185 162.053 154.571 159.468 149.132 149.211
164.086 138.535 158.578 156.693 134.254 143.200 147.772 131.476 147.556 133.693 149.718 146.110 154.403 151.003 141.503 158.505 145.025 145.705 121.538 161.077 155.194 137.797 151.291 146.317 132.583 146.775 153.404 143.178 150.350 138.713
152.668 167.207 140.695 137.900 132.863 126.713 154.058 145.508 135.405 168.151 124.754 159.740 146.500 157.153 157.740 141.540 148.153 145.324 157.795 130.028 140.264 149.047 130.942 145.655 131.182 159.291 141.562 162.347 147.244 142.318
141.317 137.245 145.551 126.818 153.421 138.626 155.156 153.377 133.938 166.955 163.061 144.726 137.593 153.891 138.257 143.911 144.541 148.072 132.564 145.875 118.516 160.274 160.633 156.328 158.962 148.697 139.736 158.162 140.584 150.623
159.092 149.302 150.006 127.590 123.294 135.051 146.714 152.409 146.423 160.899 131.466 157.053 167.960 133.549 129.977 140.758 149.218 135.975 148.625 153.074 143.214 136.132 140.539 153.497 156.524 145.046 144.552 147.216 128.007 140.084
147.241 146.737 157.348 146.665 124.249 139.591 163.509 137.657 167.127 135.256 152.077 128.033 133.074 144.206 153.718 152.048 138.758 142.010 150.822 129.868 156.738 149.292 160.593 131.045 137.437 140.198 167.995 137.674 152.601 146.705
144.622 156.658 154.509 144.839 145.890 139.300 127.695 146.603 144.172 140.994 156.201 145.326 115.818 154.284 118.569 128.360 153.971 137.114 137.578 149.002 130.962 159.690 154.053 150.548 136.931 138.361 148.486 160.578 128.918 133.635
151.128 155.681 142.389 154.599 132.411 148.565 168.591 160.926 147.267 149.934 138.571 132.593 163.711 126.572 124.074 156.894 138.973 133.760 123.424 163.987 145.190 162.874 134.199 133.719 133.292 119.593 151.917 154.795 139.986 178.256
